100
0,38,62,74,62,76,75,55,99,26,85,49,39,87,90,73,86,44,88,8,38,33,28,70,80,16,36,40,32,8,86,44,12,96,29,38,54,4,28,91,64,1,11,36,29,30,95,9,91,55,17,22,6,91,98,39,25,32,96,19,18,25,73,81,2,41,55,21,99,5,75,95,33,17,63,13,24,2,8,95,27,2,99,66,83,12,69,39,53,90,13,55,48,34,59,100,26,22,88,29
62,0,40,30,84,62,49,61,36,54,54,2,0,23,65,53,58,39,22,78,10,17,29,56,34,83,93,77,22,52,10,76,37,1,31,15,91,97,96,56,48,10,90,45,4,1,72,82,13,0,23,68,66,29,12,1,34,6,32,27,63,98,96,65,95,52,82,5,85,25,81,80,35,73,1,33,56,22,31,19,15,47,5,15,42,90,74,70,24,83,59,50,93,47,90,23,41,72,58,50
38,60,0,100,19,44,90,49,53,5,72,77,36,90,25,57,4,78,39,62,17,75,54,11,47,26,50,50,50,14,84,18,20,62,100,56,53,14,39,25,11,83,1,35,77,27,92,7,12,21,71,22,94,54,100,67,53,15,69,7,57,83,14,31,74,40,22,99,12,55,27,26,18,25,50,10,81,79,87,23,50,36,49,47,20,57,14,13,80,46,95,65,43,99,57,35,84,26,9,19
26,70,0,0,77,24,22,68,52,12,67,52,28,83,24,85,33,93,14,90,57,28,72,50,17,93,98,34,89,99,83,36,19,53,44,6,73,12,65,81,50,54,52,84,43,30,54,74,42,34,76,60,67,60,91,100,94,83,58,56,90,94,4,92,38,70,43,49,90,13,77,8,36,91,63,5,25,88,55,96,69,68,5,28,21,86,44,72,18,46,74,34,20,66,50,56,99,46,65,35
38,16,81,23,0,32,22,51,38,64,4,23,96,16,32,10,7,1,59,25,7,84,99,74,28,19,3,11,74,85,95,10,4,14,100,69,88,79,38,70,52,10,64,93,65,97,66,7,61,71,52,10,91,18,53,1,4,98,12,28,55,3,38,91,39,37,80,60,25,1,82,69,64,95,8,99,49,19,79,66,56,21,84,91,12,30,6,5,7,50,37,65,67,44,26,71,5,22,93,23
24,38,56,76,68,0,53,18,48,23,13,32,12,54,42,8,55,67,37,91,5,39,42,80,94,69,91,99,42,4,34,70,16,44,46,24,95,5,54,83,65,68,5,21,17,44,11,48,20,57,7,62,29,1,56,78,90,67,80,29,55,7,9,55,45,58,68,38,51,19,83,76,28,58,63,56,72,81,39,80,28,12,2,31,50,94,35,3,43,51,100,26,96,93,63,96,53,0,51,40
25,51,10,78,78,47,0,53,86,43,44,81,87,46,15,100,28,26,53,73,72,23,40,24,2,28,21,69,22,8,40,79,53,86,47,7,0,29,84,98,17,25,41,80,38,24,20,87,22,12,0,93,42,76,31,27,87,76,76,94,82,10,6,41,72,55,12,44,23,82,84,46,56,19,56,27,89,15,81,93,16,27,5,95,99,88,45,60,34,99,97,23,82,92,10,24,0,95,99,86
45,39,51,32,49,82,47,0,35,48,80,53,16,69,2,85,74,66,65,46,22,6,42,4,11,37,86,51,42,85,30,43,8,57,53,90,14,2,44,10,7,66,26,61,75,49,80,91,100,18,5,93,63,98,57,17,90,81,5,74,1,96,57,40,19,10,55,35,29,4,39,19,47,39,100,99,26,43,74,80,73,16,40,11,99,39,7,97,92,22,82,48,22,72,76,66,41,18,6,35
1,64,47,48,62,52,14,65,0,22,21,83,55,26,34,97,45,15,77,60,86,67,1,93,9,26,62,61,23,65,53,87,76,70,72,41,36,10,87,56,75,99,79,1,52,61,34,84,5,95,78,83,30,27,74,88,17,55,25,6,80,11,43,24,70,71,100,64,86,97,72,35,56,66,77,22,11,32,92,76,3,78,25,17,13,80,0,12,10,48,47,76,73,82,82,86,100,1,87,8
74,46,95,88,36,77,57,52,78,0,3,89,4,52,55,92,71,42,71,4,25,54,92,34,57,64,49,84,33,90,56,19,30,85,7,97,62,96,43,70,63,9,5,44,84,30,60,1,61,12,77,12,71,93,78,94,79,38,8,52,60,86,14,24,4,48,40,95,4,79,5,5,69,85,10,84,66,56,83,57,8,96,80,45,95,61,14,41,50,94,14,47,14,95,88,27,18,15,43,56
15,46,28,33,96,87,56,20,79,97,0,3,11,22,81,30,61,61,5,0,4,11,47,83,74,14,71,35,48,24,33,100,79,38,76,30,40,77,10,20,51,25,42,5,33,63,86,45,67,4,61,43,51,4,83,36,25,52,43,61,97,90,50,24,9,50,85,77,86,89,71,57,89,6,97,20,77,12,63,72,60,47,44,100,55,64,88,91,45,88,50,8,93,33,52,71,31,24,54,21
51,98,23,48,77,68,19,47,17,11,97,0,2,38,63,4,84,25,12,1,43,78,57,25,10,68,12,35,32,5,31,12,62,38,23,12,24,83,30,72,60,56,28,9,91,23,4,25,60,17,39,12,87,29,16,17,13,50,32,67,6,72,69,24,45,18,43,34,31,21,41,27,14,38,22,14,68,19,98,8,21,29,56,49,11,21,96,26,75,81,12,93,43,22,21,62,36,50,24,34
61,100,64,72,4,88,13,84,45,96,89,98,0,26,94,71,63,88,100,57,88,76,42,63,51,80,50,33,54,30,8,3,62,93,8,6,54,9,26,8,89,20,99,81,18,53,87,77,83,44,40,18,50,59,86,58,84,32,8,89,34,92,20,2,7,92,62,38,21,21,26,33,56,7,69,16,60,68,100,19,63,26,47,38,87,2,12,43,87,2,86,72,65,71,1,3,76,54,89,46
13,77,10,17,84,46,54,31,74,48,78,62,74,0,46,63,24,21,48,20,31,30,23,88,2,94,27,5,76,4,71,98,70,12,3,5,25,1,45,21,30,17,62,23,90,0,36,66,50,4,93,21,8,59,48,22,80,93,47,56,29,79,91,6,52,1,60,43,9,87,1,100,20,19,65,12,75,72,61,35,3,32,9,1,15,2,49,86,63,68,94,35,68,71,54,83,1,48,88,40
10,35,75,76,68,58,85,98,66,45,19,37,6,54,0,33,34,86,19,8,83,92,32,41,45,12,7,99,27,7,30,72,44,10,9,74,17,92,17,22,70,99,77,98,59,24,35,48,84,91,51,38,53,4,34,47,76,70,74,7,16,54,90,71,87,1,42,68,62,10,61,0,7,56,94,50,33,96,29,35,33,48,23,4,33,20,97,1,56,69,31,10,5,20,11,62,29,12,69,3
27,47,43,15,90,92,0,15,3,8,70,96,29,37,67,0,84,41,99,98,30,13,3,52,24,22,4,78,22,15,34,97,83,44,86,51,75,69,98,79,1,26,43,64,56,56,68,70,28,87,73,37,7,61,28,8,96,87,91,60,23,46,6,36,46,2,47,56,0,22,56,98,27,94,98,77,20,51,54,22,99,61,39,20,54,18,7,99,39,34,68,84,97,73,22,72,54,1,9,87
14,42,96,67,93,45,72,26,55,29,39,16,37,76,66,16,0,36,76,10,49,11,100,28,99,77,10,29,84,60,60,87,9,49,54,74,71,11,79,35,33,18,76,52,12,45,1,11,92,19,54,100,25,68,41,39,90,60,89,6,87,76,34,39,100,91,82,29,28,28,43,32,95,93,59,22,0,94,6,5,15,44,41,98,3,81,30,28,45,42,54,30,59,84,68,8,30,94,89,17
56,61,22,7,99,33,74,34,85,58,39,75,12,79,14,59,64,0,36,67,59,44,31,72,83,71,38,86,14,95,45,42,12,70,36,8,94,34,88,85,89,61,1,36,89,0,59,51,37,66,41,58,5,31,28,33,8,48,35,53,78,43,68,19,66,6,49,88,66,72,37,77,25,93,36,20,54,25,39,54,25,15,81,11,56,83,90,14,94,92,15,97,20,69,81,26,88,70,22,32
12,78,61,86,41,63,47,35,23,29,95,88,0,52,81,1,24,64,0,6,14,70,87,24,97,54,16,29,79,94,17,5,93,91,25,86,41,49,7,70,75,12,55,34,15,75,12,72,26,39,96,21,36,19,73,81,33,83,59,88,7,8,100,29,16,74,89,85,54,19,100,76,46,42,37,82,19,58,83,51,26,4,49,76,39,59,40,26,37,68,66,0,16,84,27,92,60,49,14,22
92,22,38,10,75,9,27,54,40,96,100,99,43,80,92,2,90,33,94,0,11,37,15,73,28,73,34,11,33,48,95,77,79,65,9,90,60,28,8,18,100,15,36,19,73,58,31,26,90,45,27,88,89,86,85,4,3,5,97,39,21,86,73,38,95,30,51,16,89,24,68,8,8,96,92,10,49,34,25,94,30,46,83,9,68,57,45,79,100,65,91,93,47,74,4,37,0,98,87,47
62,90,83,43,93,95,28,78,14,75,96,57,12,69,17,70,51,41,86,89,0,47,59,67,31,54,52,58,88,43,14,85,59,88,13,64,24,59,45,47,94,72,6,100,39,72,33,24,99,98,9,61,5,61,48,0,5,58,92,89,30,34,65,67,30,69,4,75,91,83,85,8,56,22,81,41,96,12,19,46,51,36,95,72,85,64,91,11,73,99,14,60,49,0,62,21,71,43,23,88
67,83,25,72,16,61,77,94,33,46,89,22,24,70,8,87,89,56,30,63,53,0,2,74,71,74,57,59,3,67,83,78,82,45,63,72,98,88,21,96,75,0,65,72,30,6,1,17,68,69,16,82,47,65,30,73,88,33,83,25,60,59,97,67,14,79,92,82,88,47,41,44,86,51,74,24,1,20,17,74,30,93,39,99,32,90,52,4,26,28,84,83,31,15,66,21,55,98,0,63
72,71,46,28,1,58,60,58,99,8,53,43,58,77,68,97,0,69,13,85,41,98,0,13,95,75,6,82,32,76,97,38,57,54,67,91,10,29,87,47,14,84,37,3,19,82,95,93,90,35,77,28,12,14,8,61,17,85,98,97,73,77,78,19,78,49,64,65,75,43,61,48,60,9,15,96,1,9,54,43,90,30,28,17,43,57,26,73,50,21,64,99,65,17,98,24,14,20,40,73
30,44,89,50,26,20,76,96,7,66,17,75,37,12,59,48,72,28,76,27,33,26,87,0,75,62,13,44,29,36,10,25,29,58,51,42,97,35,68,18,53,96,18,62,55,24,52,66,56,21,26,59,77,71,75,60,49,44,62,4,83,68,67,58,92,49,66,55,74,11,65,69,2,55,86,83,27,23,44,48,64,2,11,46,47,20,17,11,86,43,66,96,25,78,14,42,87,45,82,64
20,66,53,83,72,6,98,89,91,43,26,90,49,98,55,76,1,17,3,72,69,29,5,25,0,24,98,73,37,56,63,81,8,13,18,52,100,41,90,97,27,48,63,23,80,97,70,89,53,51,51,61,54,7,49,55,28,6,73,84,81,53,81,67,34,38,12,4,22,64,98,57,49,18,0,43,75,90,96,34,17,9,66,2,3,16,24,30,1,79,98,73,100,70,82,82,3,32,93,4
84,17,74,7,81,31,72,63,74,36,86,32,20,6,88,78,23,29,46,27,46,26,25,38,76,0,6,89,7,16,85,63,19,22,78,62,43,14,10,17,96,33,49,69,56,82,36,57,100,28,84,72,4,22,72,99,49,66,58,2,24,55,59,79,41,42,18,3,24,1,32,45,45,78,66,52,87,11,67,81,91,95,87,94,52,23,15,40,55,51,28,29,7,25,40,18,25,69,33,78
64,7,50,2,97,9,79,14,38,51,29,88,50,73,93,96,90,62,84,66,48,43,94,87,2,94,0,66,91,48,97,99,76,45,93,5,99,7,0,54,42,97,0,55,14,79,59,62,58,47,90,78,65,29,16,63,51,10,1,59,45,5,57,4,22,5,14,41,52,5,52,50,84,76,12,23,5,49,25,55,68,76,70,40,2,91,73,69,7,12,49,25,49,4,50,80,98,53,1,66
60,23,50,66,89,1,31,49,39,16,65,65,67,95,1,22,71,14,71,89,42,41,18,56,27,11,34,0,55,69,51,70,30,88,4,41,17,69,29,92,86,25,55,77,70,32,36,62,69,4,63,71,1,91,30,25,8,94,42,16,55,35,80,88,94,9,53,92,34,20,84,84,73,77,19,5,57,21,92,12,78,46,91,57,97,57,60,18,68,93,27,50,44,13,59,8,57,77,67,73
68,78,50,11,26,58,78,58,77,67,52,68,46,24,73,78,16,86,21,67,12,97,68,71,63,93,9,45,0,32,79,45,67,96,85,57,24,57,33,63,82,19,69,15,4,14,80,16,61,100,70,84,68,42,3,85,46,40,80,58,65,22,21,80,92,9,30,64,88,38,63,23,56,8,67,45,81,80,81,89,13,35,85,7,99,92,53,0,89,74,15,9,62,89,38,65,51,31,4,29
92,48,86,1,15,96,92,15,35,10,76,95,70,96,93,85,40,5,6,52,57,33,24,64,44,84,52,31,68,0,95,29,35,71,37,31,41,21,77,19,86,53,52,48,100,80,68,23,89,5,92,86,18,3,96,50,99,60,10,23,44,60,54,21,99,37,0,69,64,33,48,62,62,84,38,33,12,70,88,64,94,65,49,33,63,62,54,65,57,54,20,85,88,8,80,9,5,31,80,61
14,90,16,17,5,66,60,70,47,44,67,69,92,29,70,66,40,55,83,5,86,17,3,90,37,15,3,49,21,5,0,68,46,58,14,94,52,89,30,14,78,8,89,98,60,58,92,28,67,16,12,78,57,28,26,7,2,64,98,90,18,66,27,45,20,12,76,5,71,96,11,27,92,12,53,74,22,95,75,67,93,11,62,39,31,91,2,91,40,45,14,18,34,51,94,61,36,92,16,34
56,24,82,64,90,30,21,57,13,81,0,88,97,2,28,3,13,58,95,23,15,22,62,75,19,37,1,30,55,71,32,0,11,93,71,66,79,36,89,8,47,6,49,43,1,16,3,36,23,40,61,11,75,70,90,9,30,84,38,11,9,98,15,40,29,15,73,22,88,33,38,18,54,95,83,97,60,30,24,10,90,73,70,4,33,17,23,52,22,7,48,51,87,76,21,20,16,19,98,22
88,63,80,81,96,84,47,92,24,70,21,38,38,30,56,17,91,88,7,21,41,18,43,71,92,81,24,70,33,65,54,89,0,21,14,82,24,52,74,70,6,66,74,86,97,95,58,84,20,0,34,99,19,74,71,0,52,65,37,72,63,64,15,49,50,98,85,8,45,46,8,86,52,76,19,62,62,74,6,90,20,87,6,44,91,87,89,83,40,13,99,44,26,71,39,4,39,47,63,47
4,99,38,47,86,56,14,43,30,15,62,62,7,88,90,56,51,30,9,35,12,55,46,42,87,78,55,12,4,29,42,7,79,0,12,80,10,7,51,38,15,17,22,13,69,97,81,74,73,66,52,58,52,52,2,54,49,7,59,67,52,94,100,67,71,49,57,89,66,60,86,27,41,64,98,0,18,95,92,75,49,76,72,46,86,59,78,8,25,72,48,19,18,56,82,97,63,34,7,78
71,69,0,56,0,54,53,47,28,93,24,77,92,97,91,14,46,64,75,91,87,37,33,49,82,22,7,96,15,63,86,29,86,88,0,32,78,16,89,43,1,23,27,57,97,62,82,62,88,16,99,96,73,24,66,15,25,45,0,22,82,5,78,21,17,11,16,3,30,97,91,47,79,79,67,24,90,25,96,57,19,20,40,3,78,2,28,75,21,58,54,44,0,33,47,98,82,100,19,47
62,85,44,94,31,76,93,10,59,3,70,88,94,95,26,49,26,92,14,10,36,28,9,58,48,38,95,59,43,69,6,34,18,20,68,0,10,92,62,87,15,91,9,74,38,57,29,56,6,54,89,70,88,53,41,51,83,9,18,7,27,2,59,98,1,37,39,0,88,59,98,37,0,92,45,72,98,36,56,47,99,51,96,78,88,26,93,79,29,13,32,46,87,39,16,46,89,67,27,100
46,9,47,27,12,5,100,86,64,38,60,76,46,75,83,25,29,6,59,40,76,2,90,3,0,57,1,83,76,59,48,21,76,90,22,90,0,7,7,30,47,18,17,59,93,11,92,65,65,92,6,41,22,71,18,71,41,12,71,77,45,83,98,50,3,72,51,10,36,46,58,10,3,90,41,71,40,94,74,52,67,86,46,52,52,100,99,50,95,80,75,76,16,12,13,50,31,39,52,7
96,3,86,88,21,95,71,98,90,4,23,17,91,99,8,31,89,66,51,72,41,12,71,65,59,86,93,31,43,79,11,64,48,93,84,8,93,0,55,63,18,70,17,93,19,89,78,94,66,48,47,95,15,84,46,78,79,33,83,91,58,0,61,73,71,93,65,46,40,96,10,80,37,54,84,87,68,75,73,31,56,95,53,10,11,40,99,87,95,37,77,3,64,100,66,84,2,67,89,27
72,4,61,35,62,46,16,56,13,57,90,70,74,55,83,2,21,12,93,92,55,79,13,32,10,90,100,71,67,23,70,11,26,49,11,38,93,45,0,99,7,12,29,25,72,13,36,52,3,31,92,75,83,12,95,81,79,52,69,61,36,50,37,63,76,38,43,20,32,38,40,30,74,92,61,67,2,85,51,90,39,46,20,91,40,96,26,93,24,15,14,19,29,25,71,16,10,100,73,52
9,44,75,19,30,17,2,90,44,30,80,28,92,79,78,21,65,15,30,82,53,4,53,82,3,83,46,8,37,81,86,92,30,62,57,13,70,37,1,0,24,62,41,76,44,50,73,35,0,99,89,33,7,57,98,70,66,66,80,50,67,9,52,9,5,10,24,87,57,25,41,0,80,82,48,74,29,86,63,13,21,53,54,27,84,24,92,55,5,28,34,88,77,37,86,40,28,96,78,79
36,52,89,50,48,35,83,93,25,37,49,40,11,70,30,99,67,11,25,0,6,25,86,47,73,4,58,14,18,14,22,53,94,85,99,85,53,82,93,76,0,66,42,81,20,83,59,9,97,85,17,36,69,1,61,77,51,19,83,53,67,91,59,34,31,13,66,90,63,57,17,20,34,70,87,36,39,83,47,56,65,39,13,47,60,53,23,94,48,84,72,83,47,51,63,75,49,73,45,11
99,90,17,46,90,32,75,34,1,91,75,44,80,83,1,74,82,39,88,85,28,100,16,4,52,67,3,75,81,47,92,94,34,83,77,9,82,30,88,38,34,0,44,42,36,24,61,22,56,2,24,80,2,56,66,13,100,45,7,70,100,72,54,6,20,95,33,76,76,79,27,75,67,97,66,30,35,89,53,15,51,67,73,76,81,41,6,20,42,72,97,32,86,2,92,7,71,32,57,66
89,10,99,48,36,95,59,74,21,95,58,72,1,38,23,57,24,99,45,64,94,35,63,82,37,51,100,45,31,48,11,51,26,78,73,91,83,83,71,59,58,56,0,94,46,61,71,89,84,12,44,58,39,27,12,61,40,62,13,33,98,45,11,13,51,71,42,93,20,38,63,4,0,43,73,96,83,32,23,68,46,50,1,50,68,1,89,75,96,4,79,36,17,24,19,94,22,81,52,99
64,55,65,16,7,79,20,39,99,56,95,91,19,77,2,36,48,64,66,81,0,28,97,38,77,31,45,23,85,52,2,57,14,87,43,26,41,7,75,24,19,58,6,0,53,84,59,33,72,51,69,57,58,68,67,26,79,27,28,99,29,19,66,62,8,46,29,43,42,50,20,79,3,78,37,43,12,36,81,91,16,46,25,3,28,38,56,95,33,81,94,53,83,93,25,14,35,26,23,55
71,96,23,57,35,83,62,25,48,16,67,9,82,10,41,44,88,11,85,27,61,70,81,45,20,44,86,30,96,0,40,99,3,31,3,62,7,81,28,56,80,64,54,47,0,96,21,88,6,89,8,32,33,2,73,6,9,13,52,67,97,32,72,21,17,77,88,19,61,19,23,93,86,79,16,43,83,91,92,54,31,51,50,2,92,65,100,85,65,26,1,93,72,16,98,34,60,84,80,88
70,99,73,70,3,56,76,51,39,70,37,77,47,100,76,44,55,100,25,42,28,94,18,76,3,18,21,68,86,20,42,84,5,3,38,43,89,11,87,50,17,76,39,16,4,0,92,86,78,89,56,8,11,44,59,72,9,91,53,97,50,63,31,65,70,62,15,82,32,82,9,31,94,38,87,42,99,8,42,96,44,33,79,42,41,76,29,85,71,22,5,11,68,20,4,15,2,11,20,11
5,28,8,46,34,89,80,20,66,40,14,96,13,64,65,32,99,41,88,69,67,99,5,48,30,64,41,64,20,32,8,97,42,19,18,71,8,22,64,27,41,39,29,41,79,8,0,65,76,66,72,63,4,28,69,71,29,66,14,34,71,80,3,48,50,94,90,43,53,63,29,30,95,44,31,69,69,10,29,82,62,99,43,42,25,5,72,53,5,92,40,15,28,59,78,82,83,30,3,40
91,18,93,26,93,52,13,9,16,99,55,75,23,34,52,30,89,49,28,74,76,83,7,34,11,43,38,38,84,77,72,64,16,26,38,44,35,6,48,65,91,78,11,67,12,14,35,0,82,23,77,43,23,18,28,84,22,86,71,42,85,65,59,38,11,70,79,58,20,9,67,31,44,100,74,55,30,13,5,74,76,81,46,50,0,0,14,78,63,95,37,79,20,79,88,90,59,83,45,77
9,87,88,58,39,80,78,0,95,39,33,40,17,50,16,72,8,63,74,10,1,32,10,44,47,0,42,31,39,11,33,77,80,27,12,94,35,34,97,100,3,44,16,28,94,22,24,18,0,54,45,71,57,53,5,17,89,72,94,66,95,84,97,89,0,4,26,71,17,12,60,93,13,26,31,54,64,2,65,32,5,78,76,34,7,56,82,64,83,3,34,47,99,61,46,87,13,18,69,64
45,100,79,66,29,43,88,82,5,88,96,83,56,96,9,13,81,34,61,55,2,31,65,79,49,72,53,96,0,95,84,60,100,34,84,46,8,52,69,1,15,98,88,49,11,11,34,77,46,0,4,66,66,0,26,25,39,46,8,87,73,57,25,88,87,53,87,14,65,10,9,63,78,72,82,46,67,63,55,31,12,53,90,79,74,47,50,12,43,23,20,10,21,84,32,90,23,98,27,29
83,77,29,24,48,93,100,95,22,23,39,61,60,7,49,27,46,59,4,73,91,84,23,74,49,16,10,37,30,8,88,39,66,48,1,11,94,53,8,11,83,76,56,31,92,44,28,23,55,96,0,30,52,1,95,75,25,42,99,14,20,99,24,85,48,11,16,21,36,83,68,30,97,0,1,30,77,43,67,76,62,82,30,36,27,16,33,49,28,52,23,30,62,84,41,72,86,15,47,0
78,32,78,40,90,38,7,7,17,88,57,88,82,79,62,63,0,42,79,12,39,18,72,41,39,28,22,29,16,14,22,89,1,42,4,30,59,5,25,67,64,20,42,43,68,92,37,57,29,34,70,0,73,37,99,37,54,20,30,69,21,56,51,88,67,11,93,82,92,69,17,32,3,87,10,26,54,7,90,92,40,35,51,75,71,93,45,58,18,52,54,75,3,40,76,73,52,75,60,91
94,34,6,33,9,71,58,37,70,29,49,13,50,92,47,93,75,95,64,11,95,53,88,23,46,96,35,99,32,82,43,25,81,48,27,12,78,85,17,93,31,98,61,42,67,89,96,77,43,34,48,27,0,66,55,90,24,63,97,52,74,83,37,87,21,90,79,50,11,95,47,5,86,76,35,42,79,84,23,10,26,48,42,0,72,77,51,31,81,71,2,34,9,78,99,7,52,80,2,73
9,71,46,40,82,99,24,2,73,7,96,71,41,41,96,39,32,69,81,14,39,35,86,29,93,78,71,9,58,97,72,30,26,48,76,47,29,16,88,43,99,44,73,32,98,56,72,82,47,100,99,63,34,0,74,10,88,9,77,59,20,49,49,34,33,32,91,87,84,10,65,17,69,91,40,35,95,36,24,71,33,84,75,95,12,99,26,94,71,72,11,6,49,35,33,62,63,68,80,30
2,88,0,9,47,44,69,43,26,22,17,84,14,52,66,72,59,72,27,15,52,70,92,25,51,28,84,70,97,4,74,10,29,98,34,59,82,54,5,2,39,34,88,33,27,41,31,72,95,74,5,1,45,26,0,4,82,52,88,97,35,79,60,55,9,93,76,1,83,26,43,48,59,57,76,80,94,86,82,66,34,82,90,27,24,69,5,63,4,31,36,43,13,98,66,88,42,93,54,49
61,99,33,0,99,22,73,83,12,6,64,83,42,78,53,92,61,67,19,96,100,27,39,40,45,1,37,75,15,50,93,91,100,46,85,49,29,22,19,30,23,87,39,74,94,28,29,16,83,75,25,63,10,90,96,0,5,35,89,45,96,49,43,57,70,99,5,3,76,83,63,72,42,76,84,19,30,12,14,7,58,66,2,55,54,15,38,68,22,97,37,13,76,22,44,46,39,72,98,38
75,66,47,6,96,10,13,10,83,21,75,87,16,20,24,4,10,92,67,97,95,12,83,51,72,51,49,92,54,1,98,70,48,51,75,17,59,21,21,34,49,0,60,21,91,91,71,78,11,61,75,46,76,12,18,95,0,47,1,67,18,89,39,23,69,10,93,46,44,8,93,64,31,6,47,56,55,57,74,24,34,76,31,21,13,23,92,87,84,21,100,87,13,70,58,42,98,42,100,31
68,94,85,17,2,33,24,19,45,62,48,50,68,7,30,13,40,52,17,95,42,67,15,56,94,34,90,6,60,40,36,16,35,93,55,91,88,67,48,34,81,55,38,73,87,9,34,14,28,54,58,80,37,91,48,65,53,0,40,67,31,76,14,55,71,52,8,53,93,80,46,52,89,86,82,47,63,39,35,76,91,95,68,65,13,94,21,84,67,22,55,24,2,94,99,81,50,71,64,64
4,68,31,42,88,20,24,95,75,92,57,68,92,53,26,9,11,65,41,3,8,17,2,38,27,42,99,58,20,90,2,62,63,41,100,82,29,17,31,20,17,93,87,72,48,47,86,29,6,92,1,70,3,23,12,11,99,60,0,87,30,42,23,14,93,64,80,92,5,62,99,72,50,37,13,2,33,22,73,13,2,2,27,90,80,35,38,97,42,21,82,91,87,52,5,71,59,25,84,82
81,73,93,44,72,71,6,26,94,48,39,33,11,44,93,40,94,47,12,61,11,75,3,96,16,98,41,84,42,77,10,89,28,33,78,93,23,9,39,50,47,30,67,1,33,3,66,58,34,13,86,31,48,41,3,55,33,33,13,0,100,47,72,43,93,8,16,38,0,4,43,97,9,99,32,61,94,34,68,23,8,41,50,66,56,100,83,4,13,90,73,56,63,85,94,5,34,62,52,0
82,37,43,10,45,45,18,99,20,40,3,94,66,71,84,77,13,22,93,79,70,40,27,17,19,76,55,45,35,56,82,91,37,48,18,73,55,42,64,33,33,0,2,71,3,50,29,15,5,27,80,79,26,80,65,4,82,69,70,0,0,90,26,40,97,42,61,39,76,82,22,60,3,0,64,67,13,45,5,30,34,96,25,40,79,39,47,34,85,78,63,2,91,82,19,37,15,18,71,47
75,2,17,6,97,93,90,4,89,14,10,28,8,21,46,54,24,57,92,14,66,41,23,32,47,45,95,65,78,40,34,2,36,6,95,98,17,100,50,91,9,28,55,81,68,37,20,35,16,43,1,44,17,51,21,51,11,24,58,53,10,0,38,2,91,91,29,51,59,84,41,63,52,91,65,5,22,88,45,27,37,39,54,68,49,29,98,13,29,25,65,24,6,10,52,75,26,62,26,63
27,4,86,96,62,91,94,43,57,86,50,31,80,9,10,94,66,32,0,27,35,3,22,33,19,41,43,20,79,46,73,85,85,0,22,41,2,39,63,48,41,46,89,34,28,69,97,41,3,75,76,49,63,51,40,57,61,86,77,28,74,62,0,47,99,45,11,36,19,3,1,29,50,55,71,2,34,15,56,49,61,24,1,16,21,81,45,13,88,60,49,55,30,57,69,68,71,15,39,59
19,35,69,8,9,45,59,60,76,76,76,76,98,94,29,64,61,81,71,62,33,33,81,42,33,21,96,12,20,79,55,60,51,33,79,2,50,27,37,91,66,94,87,38,79,35,52,62,11,12,15,12,13,66,45,43,77,45,86,57,60,98,53,0,14,9,11,28,26,59,30,93,39,57,53,80,59,33,84,98,9,3,11,18,15,36,68,17,29,33,88,19,18,6,66,3,78,23,11,74
98,5,26,62,61,55,28,81,30,96,91,55,93,48,13,54,0,34,84,5,70,86,22,8,66,59,78,6,8,1,80,71,50,29,83,99,97,29,24,95,69,80,49,92,83,30,50,89,100,13,52,33,79,67,91,30,31,29,7,7,3,9,1,86,0,85,56,76,56,64,10,74,86,35,66,65,5,55,3,31,55,39,25,5,7,96,90,47,38,42,62,82,20,91,8,22,8,10,22,21
59,48,60,30,63,42,45,90,29,52,50,82,8,99,99,98,9,94,26,70,31,21,51,51,62,58,95,91,91,63,88,85,2,51,89,63,28,7,62,90,87,5,29,54,23,38,6,30,96,47,89,89,10,68,7,1,90,48,36,92,58,9,55,91,15,0,54,1,34,19,68,17,0,9,13,33,62,62,46,69,58,75,88,11,96,99,93,58,88,17,7,23,65,92,27,60,69,44,6,74
45,18,78,57,20,32,88,45,0,60,15,57,38,40,58,53,18,51,11,49,96,8,36,34,88,82,86,47,70,100,24,27,15,43,84,61,49,35,57,76,34,67,58,71,12,85,10,21,74,13,84,7,21,9,24,95,7,92,20,84,39,71,89,89,44,46,0,72,15,23,49,65,45,22,80,17,55,19,14,33,86,74,8,12,90,25,80,96,22,42,78,78,78,44,85,41,27,49,69,71
79,95,1,51,40,62,56,65,36,5,23,66,62,57,32,44,71,12,15,84,25,18,35,45,96,97,59,8,36,31,95,78,92,11,97,100,90,54,80,13,10,24,7,57,81,18,57,42,29,86,79,18,50,13,99,97,54,47,8,62,61,49,64,72,24,99,28,0,50,71,81,23,40,47,56,13,60,89,40,75,89,56,38,44,59,9,4,98,65,83,29,10,17,87,100,73,77,9,96,34
1,15,88,10,75,49,77,71,14,96,14,69,79,91,38,100,72,34,46,11,9,12,25,26,78,76,48,66,12,36,29,12,55,34,70,12,64,60,68,43,37,24,80,58,39,68,47,80,83,35,64,8,89,16,17,24,56,7,95,100,24,41,81,74,44,66,85,50,0,69,45,25,25,12,20,97,96,61,92,32,55,29,3,43,51,43,1,53,8,10,77,0,81,34,87,21,44,28,14,90
95,75,45,87,99,81,18,96,3,21,11,79,79,13,90,78,72,28,81,76,17,53,57,89,36,99,95,80,62,67,4,67,54,40,3,41,54,4,62,75,43,21,62,50,81,18,37,91,88,90,17,31,5,90,74,17,92,20,38,96,18,16,97,41,36,81,77,29,31,0,33,28,73,17,28,94,78,49,62,13,10,78,100,47,2,42,84,53,71,59,79,39,93,82,42,88,71,3,91,83
25,19,73,23,18,17,16,61,28,95,29,59,74,99,39,44,57,63,0,32,15,59,39,35,2,68,48,16,37,52,89,62,92,14,9,2,42,90,60,59,83,73,37,80,77,91,71,33,40,91,32,83,53,35,57,37,7,54,1,57,78,59,99,70,90,32,51,19,55,67,0,0,72,84,82,23,78,25,68,97,36,22,49,77,94,61,80,12,61,33,80,55,53,23,8,73,36,69,96,18
5,20,74,92,31,24,54,81,65,95,43,73,67,0,100,2,68,23,24,92,92,56,52,31,43,55,50,16,77,38,73,82,14,73,53,63,90,20,70,100,80,25,96,21,7,69,70,69,7,37,70,68,95,83,52,28,36,48,28,3,40,37,71,7,26,83,35,77,75,72,100,0,54,94,80,34,90,69,22,1,91,54,96,81,53,16,17,74,88,79,66,29,35,82,30,4,65,62,47,42
67,65,82,64,36,72,44,53,44,31,11,86,44,80,93,73,5,75,54,92,44,14,40,98,51,55,16,27,44,38,8,46,48,59,21,100,97,63,26,20,66,33,100,97,14,6,5,56,87,22,3,97,14,31,41,58,69,11,50,91,97,48,50,61,14,100,55,60,75,27,28,46,0,91,21,39,94,77,69,17,33,54,85,38,95,49,32,21,83,51,44,22,62,8,35,6,24,60,75,2
83,27,75,9,5,42,81,61,34,15,94,62,93,81,44,6,7,7,58,4,78,49,91,45,82,22,24,23,92,16,88,5,24,36,21,8,10,46,8,18,30,3,57,22,21,62,56,0,74,28,100,13,24,9,43,24,94,14,63,1,100,9,45,43,65,91,78,53,88,83,16,6,9,0,11,30,15,51,20,90,39,2,93,88,86,86,7,23,8,81,78,90,26,48,95,52,45,39,93,50
37,99,50,37,92,37,44,0,23,90,3,78,31,35,6,2,41,64,63,8,19,26,85,14,100,34,88,81,33,62,47,17,81,2,33,55,59,16,39,52,13,34,27,63,84,13,69,26,69,18,99,90,65,60,24,16,53,18,87,68,36,35,29,47,34,87,20,44,80,72,18,20,79,89,0,84,8,49,69,78,80,4,65,44,8,74,33,8,29,73,24,80,79,71,34,36,5,43,16,22
87,67,90,95,1,44,73,1,78,16,80,86,84,88,50,23,78,80,18,90,59,76,4,17,57,48,77,95,55,67,26,3,38,100,76,28,29,13,33,26,64,70,4,57,57,58,31,45,46,54,70,74,58,65,20,81,44,53,98,39,33,95,98,20,35,67,83,87,3,6,77,66,61,70,16,0,38,16,1,16,40,38,25,99,12,45,22,68,25,40,65,64,71,8,25,30,39,65,47,37
76,44,19,75,51,28,11,74,89,34,23,32,40,25,67,80,100,46,81,51,4,99,99,73,25,13,95,43,19,88,78,40,38,82,10,2,60,32,98,71,61,65,17,88,17,1,31,70,36,33,23,46,21,5,6,70,45,37,67,6,87,78,66,41,95,38,45,40,4,22,22,10,6,85,92,62,0,42,48,81,100,53,33,93,57,13,63,10,65,26,78,47,83,22,82,98,47,56,64,43
98,78,21,12,81,19,85,57,68,44,88,81,32,28,4,49,6,75,42,66,88,80,91,77,10,89,51,79,20,30,5,70,26,5,75,64,6,25,15,14,17,11,68,64,9,92,90,87,98,37,57,93,16,64,14,88,43,61,78,66,55,12,85,67,45,38,81,11,39,51,75,31,23,49,51,84,58,0,81,21,85,76,20,20,47,0,15,18,39,55,28,18,81,35,21,79,11,29,82,97
92,69,13,45,21,61,19,26,8,17,37,2,0,39,71,46,94,61,17,75,81,83,46,56,4,33,75,8,19,12,25,76,94,8,4,44,26,27,49,37,53,47,77,19,8,58,71,95,35,45,33,10,77,76,18,86,26,65,27,32,95,55,44,16,97,54,86,60,8,38,32,78,31,80,31,99,52,19,0,43,33,94,67,67,81,58,65,96,5,81,32,70,61,55,70,60,82,61,2,17
5,81,77,4,34,20,7,20,24,43,28,92,81,65,65,78,95,46,49,6,54,26,57,52,66,19,45,88,11,36,33,90,10,25,43,53,48,69,10,87,44,85,32,9,46,4,18,26,68,69,24,8,90,29,34,93,76,24,87,77,70,73,51,2,69,31,67,25,68,87,3,99,83,10,22,84,19,79,57,0,73,73,92,61,20,34,48,53,52,3,38,62,60,15,17,63,34,6,18,64
73,85,50,31,44,72,84,27,97,92,40,79,37,97,67,1,85,75,74,70,49,70,10,36,83,9,32,22,87,6,7,10,80,51,81,1,33,44,61,79,35,49,54,84,69,56,38,24,95,88,38,60,74,67,66,42,66,9,98,92,66,63,39,91,45,42,14,11,45,90,64,9,67,61,20,60,0,15,67,27,0,54,60,90,28,80,86,96,89,75,79,61,17,51,42,62,55,41,42,27
98,53,64,32,79,88,73,84,22,4,53,71,74,68,52,39,56,85,96,54,64,7,70,98,91,5,24,54,65,35,89,27,13,24,80,49,14,5,54,47,61,33,50,54,49,67,1,19,22,47,18,65,52,16,18,34,24,5,98,59,4,61,76,97,61,25,26,44,71,22,78,46,46,98,96,62,47,24,6,27,46,0,74,74,63,1,55,73,83,65,91,15,45,72,42,24,56,4,95,83
1,95,51,95,16,98,95,60,75,20,56,44,53,91,77,61,59,19,51,17,5,61,72,89,34,13,30,9,15,51,38,30,94,28,60,4,54,47,80,46,87,27,99,75,50,21,57,54,24,10,70,49,58,25,10,98,69,32,73,50,75,46,99,89,75,12,92,62,97,0,51,4,15,7,35,75,67,80,33,8,40,26,0,11,1,10,14,97,2,77,19,80,53,17,60,37,90,2,44,6
34,85,53,72,9,69,5,89,83,55,0,51,62,99,96,80,2,89,24,91,28,1,83,54,98,6,60,43,93,67,61,96,56,54,97,22,48,90,9,73,53,24,50,97,98,58,58,50,66,21,64,25,100,5,73,45,79,35,10,34,60,32,84,82,95,89,88,56,57,53,23,19,62,12,56,1,7,80,33,39,10,26,89,0,23,15,67,56,68,5,67,61,42,30,47,73,49,56,32,42
17,58,80,79,88,50,1,1,87,5,45,89,13,85,67,46,97,44,61,32,15,68,57,53,97,48,98,3,1,37,69,67,9,14,22,12,48,89,60,16,40,19,32,72,8,59,75,100,93,26,73,29,28,88,76,46,87,87,20,44,21,51,79,85,93,4,10,41,49,98,6,47,5,14,92,88,43,53,19,80,72,37,99,77,0,39,40,29,0,98,6,97,53,57,39,19,94,24,38,69
88,10,43,14,70,6,12,61,20,39,36,79,98,98,80,82,19,17,41,43,36,10,43,80,84,77,9,43,8,38,9,83,13,41,98,74,0,60,4,76,47,59,99,62,35,24,95,100,44,53,84,7,23,1,31,85,77,6,65,0,61,71,19,64,4,1,75,91,57,58,39,84,51,14,26,55,87,100,42,66,20,99,90,85,61,0,49,55,60,79,10,3,95,9,61,5,24,8,75,56
31,26,86,56,94,65,55,93,100,86,12,4,88,51,3,93,70,10,60,55,9,48,74,83,76,85,27,40,47,46,98,77,11,22,72,7,1,1,74,8,77,94,11,44,0,71,28,86,18,50,67,55,49,74,95,62,8,79,62,17,53,2,55,32,10,7,20,96,99,16,20,83,68,93,67,78,37,85,35,52,14,45,86,33,60,51,0,33,34,90,34,27,28,40,78,95,14,3,75,78
61,30,87,28,95,97,40,3,88,59,9,74,57,14,99,1,72,86,74,21,89,96,27,89,70,60,31,82,100,35,9,48,17,92,25,21,50,13,7,45,6,80,25,5,15,15,47,22,36,88,51,42,69,6,37,32,13,16,3,96,66,87,87,83,53,42,4,2,47,47,88,26,79,77,92,32,90,82,4,47,4,27,3,44,71,45,67,0,34,54,32,12,28,70,60,43,98,98,12,100
47,76,20,82,93,57,66,8,90,50,55,25,13,37,44,61,55,6,63,0,27,74,50,14,99,45,93,32,11,43,60,78,60,75,79,71,5,5,76,95,52,58,4,67,35,29,95,37,17,57,72,82,19,29,96,78,16,33,58,87,15,71,12,71,62,12,78,35,92,29,39,12,17,92,71,75,35,61,95,48,11,17,98,32,100,40,66,66,0,20,95,90,66,69,66,23,87,94,79,64
10,17,54,54,50,49,1,78,52,6,12,19,98,32,31,66,58,8,32,35,1,72,79,57,21,49,88,7,26,46,55,93,87,28,42,87,20,63,85,72,16,28,96,19,74,78,8,5,97,77,48,48,29,28,69,3,79,78,79,10,22,75,40,67,58,83,58,17,90,41,67,21,49,19,27,60,74,45,19,97,25,35,23,95,2,21,10,46,80,0,32,41,10,1,71,81,86,87,6,70
87,41,5,26,63,0,3,18,53,86,50,88,14,6,69,32,46,85,34,9,86,16,36,34,2,72,51,73,85,80,86,52,1,52,46,68,25,23,86,66,28,3,21,6,99,95,60,63,66,80,77,46,98,89,64,63,0,45,18,27,37,35,51,12,38,93,22,71,23,21,20,34,56,22,76,35,22,72,68,62,21,9,81,33,94,90,66,68,5,68,0,75,34,31,95,44,75,5,48,36
45,50,35,66,35,74,77,52,24,53,92,7,28,65,90,16,70,3,100,7,40,17,1,4,27,71,75,50,91,15,82,49,56,81,56,54,24,97,81,12,17,68,64,47,7,89,85,21,53,90,70,25,66,94,57,87,13,76,9,44,98,76,45,81,18,77,22,90,100,61,45,71,78,10,20,36,53,82,30,38,39,85,20,39,3,97,73,88,10,59,25,0,84,63,60,36,54,22,81,20
52,7,57,80,33,4,18,78,27,86,7,57,35,32,95,3,41,80,84,53,51,69,35,75,0,93,51,56,38,12,66,13,74,82,100,13,84,36,71,23,53,14,83,17,28,32,72,80,1,79,38,97,91,51,87,24,87,98,13,37,9,94,70,82,80,35,22,83,19,7,47,65,38,74,21,29,17,19,39,40,83,55,47,58,47,5,72,72,34,90,66,16,0,34,95,26,37,81,41,58
66,53,1,34,56,7,8,28,18,5,67,78,29,29,80,27,16,31,16,26,100,85,83,22,30,75,96,87,11,92,49,24,29,44,67,61,88,0,75,63,49,98,76,7,84,80,41,21,39,16,16,60,22,65,2,78,30,6,48,15,18,90,43,94,9,8,56,13,66,18,77,18,92,52,29,92,78,65,45,85,49,28,83,70,43,91,60,30,31,99,69,37,66,0,19,79,59,96,12,54
41,10,43,50,74,37,90,24,18,12,48,79,99,46,89,78,32,19,73,96,38,34,2,86,18,60,50,41,62,20,6,79,61,18,53,84,87,34,29,14,37,8,81,75,2,96,22,12,54,68,59,24,1,67,34,56,42,1,95,6,81,48,31,34,92,73,15,0,13,58,92,70,65,5,66,75,18,79,30,83,58,58,40,53,61,39,22,40,34,29,5,40,5,81,0,62,34,6,52,12
0,77,65,44,29,4,76,34,14,73,29,38,97,17,38,28,92,74,8,63,79,79,76,58,18,82,20,92,35,91,39,80,96,3,2,54,50,16,84,60,25,93,6,86,66,85,18,10,13,10,28,27,93,38,12,54,58,19,29,95,63,25,32,97,78,40,59,27,79,12,27,96,94,48,64,70,2,21,40,37,38,76,63,27,81,95,5,57,77,19,56,64,74,21,38,0,68,45,95,11
74,59,16,1,95,47,100,59,0,82,69,64,24,99,71,46,70,12,40,100,29,45,86,13,97,75,2,43,49,95,64,84,61,37,18,11,69,98,90,72,51,29,78,65,40,98,17,41,87,77,14,48,48,37,58,61,2,50,41,66,85,74,29,22,92,31,73,23,56,29,64,35,76,55,95,61,53,89,18,66,45,44,10,51,6,76,86,2,13,14,25,46,63,41,66,32,0,76,20,39
78,28,74,54,78,100,5,82,99,85,76,50,46,52,88,99,6,30,51,2,57,2,80,55,68,31,47,23,69,69,8,81,53,66,0,33,61,33,0,4,27,68,19,74,16,89,70,17,82,2,85,25,20,32,7,28,58,29,75,38,82,38,85,77,90,56,51,91,72,97,31,38,40,61,57,35,44,71,39,94,59,96,98,44,76,92,97,2,6,13,95,78,19,4,94,55,24,0,88,13
12,42,91,35,7,49,1,94,13,57,46,76,11,12,31,91,11,78,86,13,77,100,60,18,7,67,99,33,96,20,84,2,37,93,81,73,48,11,27,22,55,43,48,77,20,80,97,55,31,73,53,40,98,20,46,2,0,36,16,48,29,74,61,89,78,94,31,4,86,9,4,53,25,7,84,53,36,18,98,82,58,5,56,68,62,25,25,88,21,94,52,19,59,88,48,5,80,12,0,69
71,50,81,65,77,60,14,65,92,44,79,66,54,60,97,13,83,68,78,53,12,37,27,36,96,22,34,27,71,39,66,78,53,22,53,0,93,73,48,21,89,34,1,45,12,89,60,23,36,71,100,9,27,70,51,62,69,36,18,100,53,37,41,26,79,26,29,66,10,17,82,58,98,50,78,63,57,3,83,36,73,17,94,58,31,44,22,0,36,30,64,80,42,46,88,89,61,87,31,0